blue,green,groupId,received,red,sensorId,time1,time2,white
0.0591134508278,0.0821087968261,0,1478217339376,0.0715495536736,0,40,817,0.226367589837
0.102265964752,0.158754863813,0,1478217339429,0.140260929274,1,40,819,0.413580529488
0.0836194399939,0.120637827115,0,1478217339429,0.119356069276,2,40,821,0.364797436484
0.0381780727855,0.0534828717479,0,1478217339429,0.0454108491646,3,40,823,0.150820172427
0.102281223774,0.157671473259,0,1478217339429,0.137178606851,4,40,825,0.417334248875
0.118196383612,0.176043335622,0,1478217339429,0.164187075608,5,40,827,0.486778057527
0.0482337682155,0.0735179674983,0,1478217339429,0.0643778133822,6,40,829,0.20442511635
0.0764171816587,0.114900434882,0,1478217339429,0.0968184939345,7,40,831,0.279514763104
0.110551613642,0.170702677958,0,1478217339429,0.156588082704,8,40,833,0.465232318608
0.0717021438926,0.103395132372,0,1478217339430,0.0998245212482,9,40,835,0.298405432212
0.0870527199207,0.108278019379,0,1478217339430,0.0930189974823,10,40,837,0.342702372778
0.133134966049,0.202990768292,0,1478217339430,0.192065308614,11,40,839,0.555458915084
0.0590981918059,0.0820935378042,0,1478217339875,0.0715342946517,0,41,318,0.22630655375
0.10225070573,0.158724345769,0,1478217339940,0.140230411231,1,41,320,0.413550011444
0.083604180972,0.120637827115,0,1478217339940,0.119340810254,2,41,322,0.364782177462
0.0381780727855,0.0534981307698,0,1478217339940,0.0453955901427,3,41,324,0.150835431449
0.102265964752,0.157640955215,0,1478217339940,0.137148088808,4,41,326,0.417196917678
0.118196383612,0.176012817578,0,1478217339941,0.164141298543,5,41,328,0.486762798505
0.0482337682155,0.0735179674983,0,1478217339941,0.064408331426,6,41,330,0.204470893416
0.0764171816587,0.114900434882,0,1478217339941,0.0968184939345,7,41,332,0.27948424506
0.110521095598,0.170656900893,0,1478217339941,0.156542305638,8,41,334,0.465140764477
0.0716868848707,0.103364614328,0,1478217339941,0.0997940032044,9,41,336,0.298329137102
0.0870527199207,0.108262760357,0,1478217339941,0.0930189974823,10,41,338,0.3427176318
0.133119707027,0.202960250248,0,1478217339942,0.192050049592,11,41,340,0.555397878996
0.0591134508278,0.0820935378042,0,1478217340379,0.0715495536736,0,41,819,0.226367589837
0.102281223774,0.158754863813,0,1478217340433,0.140291447318,1,41,821,0.413580529488
0.0836346990158,0.120668345159,0,1478217340433,0.11938658732,2,41,823,0.364888990616
0.0381780727855,0.0534981307698,0,1478217340434,0.0454108491646,3,41,824,0.150835431449
0.102265964752,0.157640955215,0,1478217340434,0.137163347829,4,41,826,0.417273212787
0.118196383612,0.176043335622,0,1478217340435,0.16420233463,5,41,828,0.486823834592
0.0482337682155,0.0735179674983,0,1478217340436,0.0643930724041,6,41,830,0.20450141146
0.0764019226368,0.11488517586,0,1478217340436,0.0968184939345,7,41,832,0.279530022126
0.11053635462,0.170672159915,0,1478217340436,0.15655756466,8,41,834,0.465186541543
0.0717021438926,0.103410391394,0,1478217340436,0.0998245212482,9,41,836,0.298481727321
0.0870984969863,0.108293278401,0,1478217340436,0.0930189974823,10,41,838,0.342748149844
0.133119707027,0.20297550927,0,1478217340436,0.192065308614,11,41,840,0.555489433127
0.0590981918059,0.0820935378042,0,1478217340877,0.0715342946517,0,42,319,0.226321812772
0.102265964752,0.158754863813,0,1478217340942,0.140291447318,1,42,321,0.413611047532
0.0836194399939,0.120668345159,0,1478217340942,0.119356069276,2,42,323,0.364812695506
0.0381780727855,0.0534981307698,0,1478217340943,0.0454108491646,3,42,325,0.150850690471
0.102281223774,0.157656214237,0,1478217340943,0.137163347829,4,42,327,0.417288471809
0.118196383612,0.176043335622,0,1478217340943,0.164187075608,5,42,329,0.486823834592
0.0482337682155,0.0735179674983,0,1478217340943,0.0643930724041,6,42,331,0.204486152438
0.0764171816587,0.11488517586,0,1478217340943,0.0968184939345,7,42,333,0.279499504082
0.110566872663,0.170702677958,0,1478217340943,0.15655756466,8,42,335,0.465308613718
0.0717021438926,0.103395132372,0,1478217340943,0.0998092622263,9,42,337,0.29839017319
0.0870832379644,0.108278019379,0,1478217340944,0.0930037384604,10,42,339,0.342702372778
0.133150225071,0.202960250248,0,1478217340944,0.192065308614,11,42,341,0.555443656062
0.0591134508278,0.0820935378042,0,1478217341377,0.0715342946517,0,42,820,0.226367589837
0.102311741817,0.158770122835,0,1478217341443,0.140276188296,1,42,822,0.413611047532
0.0836194399939,0.120668345159,0,1478217341443,0.119356069276,2,42,824,0.36484321355
0.0381780727855,0.0534828717479,0,1478217341443,0.0454108491646,3,42,826,0.150850690471
0.102281223774,0.157640955215,0,1478217341443,0.137178606851,4,42,828,0.417273212787
0.118196383612,0.1760280766,0,1478217341443,0.164217593652,5,42,830,0.486869611658
0.0482337682155,0.0735179674983,0,1478217341443,0.0643930724041,6,42,831,0.204486152438
0.0764019226368,0.114900434882,0,1478217341444,0.0968184939345,7,42,833,0.279514763104
0.11053635462,0.170687418936,0,1478217341444,0.15655756466,8,42,836,0.465217059586
0.0717021438926,0.103395132372,0,1478217341444,0.0998397802701,9,42,838,0.298451209277
0.0870832379644,0.108278019379,0,1478217341444,0.0930037384604,10,42,840,0.342687113756
0.133134966049,0.202990768292,0,1478217341444,0.192126344701,11,42,842,0.555489433127
0.0590981918059,0.0821087968261,0,1478217341877,0.0715342946517,0,43,320,0.226398107881
0.102265964752,0.158754863813,0,1478217341928,0.140230411231,1,43,322,0.413580529488
0.0836346990158,0.120668345159,0,1478217341928,0.119356069276,2,43,324,0.364904249638
0.0381933318074,0.0534828717479,0,1478217341928,0.0454108491646,3,43,326,0.150850690471
0.102296482795,0.157656214237,0,1478217341928,0.137178606851,4,43,328,0.417349507897
0.118226901656,0.176058594644,0,1478217341929,0.164232852674,5,43,330,0.486854352636
0.0482185091936,0.0735332265202,0,1478217341929,0.0643930724041,6,43,332,0.204440375372
0.0764019226368,0.11488517586,0,1478217341929,0.0968184939345,7,43,334,0.279499504082
0.11053635462,0.170656900893,0,1478217341929,0.156588082704,8,43,336,0.465232318608
0.0717021438926,0.103395132372,0,1478217341929,0.0998245212482,9,43,338,0.298451209277
0.0870527199207,0.108247501335,0,1478217341929,0.0930037384604,10,43,340,0.342610818647
0.133150225071,0.202990768292,0,1478217341929,0.192095826658,11,43,342,0.555565728237
0.0591134508278,0.082124055848,0,1478217342378,0.0715495536736,0,43,821,0.226398107881
0.102265964752,0.158770122835,0,1478217342436,0.140260929274,1,43,823,0.413550011444
0.0836194399939,0.120653086137,0,1478217342436,0.119340810254,2,43,825,0.364797436484
0.0381933318074,0.0534828717479,0,1478217342436,0.0453955901427,3,43,827,0.150820172427
0.102281223774,0.157671473259,0,1478217342436,0.137178606851,4,43,829,0.417303730831
0.118226901656,0.176043335622,0,1478217342436,0.164217593652,5,43,831,0.486869611658
0.0482337682155,0.0735179674983,0,1478217342437,0.064408331426,6,43,833,0.204455634394
0.0764019226368,0.11488517586,0,1478217342437,0.0968184939345,7,43,835,0.27948424506
0.110566872663,0.170687418936,0,1478217342437,0.156588082704,8,43,837,0.465232318608
0.0717021438926,0.103410391394,0,1478217342437,0.0998245212482,9,43,839,0.298405432212
0.0870374608988,0.108247501335,0,1478217342437,0.0930037384604,10,43,841,0.342595559625
0.133150225071,0.203006027314,0,1478217342437,0.192095826658,11,43,843,0.555535210193
0.0591134508278,0.0821087968261,0,1478217342878,0.0715495536736,0,44,322,0.226382848859
0.10225070573,0.158754863813,0,1478217342929,0.140245670253,1,44,324,0.413550011444
0.0836194399939,0.120653086137,0,1478217342929,0.119356069276,2,44,326,0.36484321355
0.0381780727855,0.0534828717479,0,1478217342929,0.0454108491646,3,44,328,0.150804913405
0.102265964752,0.157671473259,0,1478217342929,0.137163347829,4,44,329,0.417303730831
0.118226901656,0.176073853666,0,1478217342930,0.164217593652,5,44,331,0.486869611658
0.0482185091936,0.0735332265202,0,1478217342930,0.064408331426,6,44,333,0.204470893416
0.0764019226368,0.11488517586,0,1478217342930,0.0968184939345,7,44,335,0.279499504082
0.110521095598,0.170641641871,0,1478217342930,0.156572823682,8,44,338,0.465156023499
0.0717021438926,0.103395132372,0,1478217342930,0.0998245212482,9,44,339,0.29839017319
0.0870527199207,0.108262760357,0,1478217342930,0.0930037384604,10,44,341,0.342610818647
0.133119707027,0.20297550927,0,1478217342930,0.192080567636,11,44,343,0.555474174105
0.0591134508278,0.0821087968261,0,1478217343379,0.0715342946517,0,44,822,0.226398107881
0.102265964752,0.158770122835,0,1478217343443,0.140276188296,1,44,824,0.413626306554
0.0836194399939,0.120668345159,0,1478217343443,0.119371328298,2,44,826,0.36484321355
0.0381628137636,0.0534828717479,0,1478217343443,0.0453955901427,3,44,828,0.150774395361
0.102281223774,0.15768673228,0,1478217343443,0.137193865873,4,44,830,0.417303730831
0.118211642634,0.176058594644,0,1478217343444,0.164263370718,5,44,832,0.486854352636
0.0482337682155,0.0735332265202,0,1478217343444,0.064408331426,6,44,834,0.204470893416
0.0764019226368,0.11488517586,0,1478217343444,0.0968032349126,7,44,836,0.279514763104
0.11053635462,0.170656900893,0,1478217343444,0.15655756466,8,44,838,0.465232318608
0.0716868848707,0.10337987335,0,1478217343444,0.0998397802701,9,44,840,0.298359655146
0.0870679789425,0.108278019379,0,1478217343444,0.0930189974823,10,44,842,0.342671854734
0.133134966049,0.20297550927,0,1478217343444,0.192080567636,11,44,844,0.555458915084
0.0591134508278,0.0821087968261,0,1478217343879,0.0715495536736,0,45,323,0.226413366903
0.102281223774,0.158770122835,0,1478217343933,0.140276188296,1,45,325,0.413626306554
0.0836194399939,0.120653086137,0,1478217343933,0.119371328298,2,45,327,0.364858472572
0.0381475547417,0.053467612726,0,1478217343933,0.0453955901427,3,45,329,0.150743877317
0.102327000839,0.15768673228,0,1478217343933,0.137224383917,4,45,331,0.417395284962
0.118211642634,0.176043335622,0,1478217343933,0.164248111696,5,45,333,0.48680857557
0.0482185091936,0.0735027084764,0,1478217343934,0.0643930724041,6,45,334,0.204409857328
0.0764019226368,0.11488517586,0,1478217343934,0.0968184939345,7,45,336,0.279530022126
0.11053635462,0.170702677958,0,1478217343934,0.156603341726,8,45,339,0.465308613718
0.0717021438926,0.103395132372,0,1478217343934,0.0998397802701,9,45,341,0.298420691234
0.0870832379644,0.108262760357,0,1478217343934,0.0929884794385,10,45,343,0.342656595712
0.133119707027,0.203006027314,0,1478217343934,0.192080567636,11,45,345,0.555443656062
0.0590981918059,0.0821087968261,0,1478217344380,0.0715495536736,0,45,823,0.226382848859
0.10225070573,0.158739604791,0,1478217344432,0.140260929274,1,45,825,0.413504234379
0.0836194399939,0.120637827115,0,1478217344432,0.119356069276,2,45,827,0.364797436484
0.0381475547417,0.0534218356603,0,1478217344432,0.045349813077,3,45,829,0.150652323186
0.102281223774,0.157671473259,0,1478217344432,0.137193865873,4,45,831,0.417334248875
0.118211642634,0.176043335622,0,1478217344432,0.164248111696,5,45,833,0.48680857557
0.0482032501717,0.0734874494545,0,1478217344432,0.0643778133822,6,45,835,0.204348821241
0.0763866636149,0.11488517586,0,1478217344433,0.0968032349126,7,45,837,0.279453727016
0.110521095598,0.170656900893,0,1478217344433,0.15655756466,8,45,839,0.465262836652
0.0717021438926,0.103395132372,0,1478217344433,0.0998245212482,9,45,841,0.298374914168
0.0869916838331,0.108171206226,0,1478217344433,0.0929274433509,10,45,843,0.342351415274
0.133119707027,0.203006027314,0,1478217344433,0.192080567636,11,45,845,0.555443656062
0.0590981918059,0.0820935378042,0,1478217344881,0.0715190356298,0,46,324,0.226382848859
0.102220187686,0.158678568704,0,1478217344933,0.140199893187,1,46,326,0.413336385138
0.0835584039063,0.120576791028,0,1478217344933,0.11931029221,2,46,328,0.364644846265
0.0381322957198,0.0534065766384,0,1478217344933,0.0453345540551,3,46,330,0.150621805142
0.10225070573,0.157640955215,0,1478217344933,0.137163347829,4,46,332,0.417196917678
0.118196383612,0.1760280766,0,1478217344933,0.164217593652,5,46,334,0.486793316548
0.0481879911498,0.0734874494545,0,1478217344934,0.0643778133822,6,46,336,0.204348821241
0.0763866636149,0.11488517586,0,1478217344934,0.0968032349126,7,46,337,0.279453727016
0.110505836576,0.170656900893,0,1478217344934,0.156527046616,8,46,340,0.465278095674
0.0717021438926,0.10337987335,0,1478217344934,0.0998092622263,9,46,342,0.298420691234
0.0869459067674,0.108140688182,0,1478217344934,0.0928969253071,10,46,344,0.342259861143
0.133119707027,0.202944991226,0,1478217344934,0.192050049592,11,46,346,0.555336842908
0.059082932784,0.0821087968261,0,1478217345381,0.0715495536736,0,46,825,0.226413366903
0.102220187686,0.158693827726,0,1478217345447,0.140199893187,1,46,827,0.413412680247
0.0835889219501,0.120607309071,0,1478217345447,0.119325551232,2,46,829,0.364705882353
0.0381475547417,0.0534065766384,0,1478217345447,0.045349813077,3,46,830,0.150621805142
0.102265964752,0.157671473259,0,1478217345447,0.137178606851,4,46,832,0.417288471809
0.11818112459,0.176012817578,0,1478217345447,0.164217593652,5,46,834,0.486671244373
0.0481879911498,0.0734874494545,0,1478217345447,0.0643930724041,6,46,836,0.204394598306
0.0763866636149,0.11488517586,0,1478217345447,0.0968032349126,7,46,838,0.279438467994
0.110521095598,0.170656900893,0,1478217345447,0.156572823682,8,46,840,0.465262836652
0.0716716258488,0.103364614328,0,1478217345447,0.0998092622263,9,46,842,0.298374914168
0.0869459067674,0.108140688182,0,1478217345447,0.0928969253071,10,46,844,0.342229343099
0.133089188983,0.202960250248,0,1478217345447,0.192050049592,11,46,846,0.555367360952
0.0590981918059,0.0820935378042,0,1478217345882,0.0715342946517,0,47,325,0.226382848859
0.102220187686,0.158693827726,0,1478217345940,0.140215152209,1,47,327,0.413412680247
0.0835736629282,0.120607309071,0,1478217345940,0.11931029221,2,47,329,0.364660105287
0.0381322957198,0.0534065766384,0,1478217345940,0.0453192950332,3,47,331,0.150591287098
0.102265964752,0.157671473259,0,1478217345941,0.137178606851,4,47,333,0.417257953765
0.11818112459,0.175997558556,0,1478217345941,0.16420233463,5,47,335,0.486655985351
0.0482032501717,0.0735027084764,0,1478217345941,0.0643930724041,6,47,337,0.204364080262
0.0763866636149,0.114900434882,0,1478217345941,0.0968184939345,7,47,339,0.279438467994
0.110521095598,0.170656900893,0,1478217345941,0.156542305638,8,47,341,0.465217059586
0.0716868848707,0.103395132372,0,1478217345941,0.0998245212482,9,47,343,0.298435950256
0.0869764248112,0.108155947204,0,1478217345941,0.0928969253071,10,47,345,0.342259861143
0.133073929961,0.202929732204,0,1478217345941,0.192065308614,11,47,347,0.555367360952
0.0590981918059,0.0821087968261,0,1478217346382,0.0715342946517,0,47,826,0.226382848859
0.10225070573,0.158709086748,0,1478217346447,0.140215152209,1,47,828,0.413473716335
0.0835889219501,0.120607309071,0,1478217346448,0.11931029221,2,47,830,0.364644846265
0.0381322957198,0.0533913176165,0,1478217346448,0.0453345540551,3,47,831,0.15060654612
0.102281223774,0.157671473259,0,1478217346448,0.137193865873,4,47,833,0.417257953765
0.11818112459,0.176012817578,0,1478217346448,0.16420233463,5,47,835,0.486701762417
0.0482032501717,0.0734874494545,0,1478217346448,0.0643778133822,6,47,837,0.204364080262
0.0763866636149,0.11488517586,0,1478217346448,0.0968184939345,7,47,839,0.279438467994
0.110490577554,0.170656900893,0,1478217346449,0.156542305638,8,47,842,0.465232318608
0.0716868848707,0.10337987335,0,1478217346449,0.0998092622263,9,47,844,0.298374914168
0.0869916838331,0.108171206226,0,1478217346449,0.092912184329,10,47,845,0.342351415274
0.133104448005,0.202929732204,0,1478217346449,0.192080567636,11,47,847,0.555413138018
0.059082932784,0.0821087968261,0,1478217346883,0.0715342946517,0,48,326,0.226398107881
0.102235446708,0.158709086748,0,1478217346934,0.140199893187,1,48,328,0.413458457313
0.0835889219501,0.120607309071,0,1478217346934,0.119295033188,2,48,330,0.364660105287
0.0381322957198,0.0534065766384,0,1478217346934,0.0453345540551,3,48,332,0.15060654612
0.102281223774,0.157656214237,0,1478217346934,0.137178606851,4,48,334,0.417212176699
0.11818112459,0.1760280766,0,1478217346934,0.164171816587,5,48,336,0.486625467308
0.0482032501717,0.0734874494545,0,1478217346934,0.0643778133822,6,48,338,0.204364080262
0.0763866636149,0.11488517586,0,1478217346935,0.0968337529564,7,48,340,0.279468986038
0.110521095598,0.170687418936,0,1478217346935,0.15655756466,8,48,342,0.465232318608
0.0716868848707,0.103364614328,0,1478217346935,0.0998245212482,9,48,344,0.29839017319
0.0869611657893,0.108140688182,0,1478217346935,0.0928969253071,10,48,346,0.342259861143
0.133104448005,0.202944991226,0,1478217346935,0.192050049592,11,48,348,0.555336842908
0.0590981918059,0.0821087968261,0,1478217347384,0.0715495536736,0,48,827,0.226413366903
0.102220187686,0.158693827726,0,1478217347435,0.140199893187,1,48,829,0.413443198291
0.0835736629282,0.120576791028,0,1478217347435,0.119279774166,2,48,831,0.364614328222
0.0381322957198,0.0533913176165,0,1478217347435,0.0453345540551,3,48,833,0.150591287098
0.102265964752,0.157640955215,0,1478217347435,0.137163347829,4,48,835,0.417212176699
0.118196383612,0.1760280766,0,1478217347436,0.164187075608,5,48,837,0.486686503395
0.0482032501717,0.0734874494545,0,1478217347436,0.0643778133822,6,48,839,0.204348821241
0.0764019226368,0.114900434882,0,1478217347436,0.0968337529564,7,48,840,0.279468986038
0.110521095598,0.170672159915,0,1478217347436,0.15655756466,8,48,843,0.465201800565
0.0716868848707,0.103395132372,0,1478217347436,0.0998245212482,9,48,845,0.298420691234
0.0869611657893,0.108140688182,0,1478217347436,0.0928969253071,10,48,847,0.342275120165
0.133104448005,0.20297550927,0,1478217347436,0.192065308614,11,48,849,0.555413138018
0.059082932784,0.0820935378042,0,1478217347884,0.0715342946517,0,49,328,0.226367589837
0.102189669642,0.158663309682,0,1478217347942,0.140215152209,1,49,329,0.413412680247
0.0835736629282,0.12059205005,0,1478217347942,0.119279774166,2,49,331,0.364660105287
0.0381170366979,0.0534065766384,0,1478217347942,0.0453345540551,3,49,333,0.150576028077
0.102281223774,0.157625696193,0,1478217347942,0.137178606851,4,49,335,0.417212176699
0.11818112459,0.176012817578,0,1478217347942,0.164217593652,5,49,337,0.486640726329
0.0482032501717,0.0734874494545,0,1478217347943,0.0643778133822,6,49,339,0.204348821241
0.0764019226368,0.114900434882,0,1478217347943,0.0968490119783,7,49,341,0.279453727016
0.110521095598,0.170672159915,0,1478217347943,0.156542305638,8,49,343,0.465232318608
0.0716868848707,0.103395132372,0,1478217347943,0.0998092622263,9,49,345,0.298420691234
0.0869459067674,0.108140688182,0,1478217347943,0.0928969253071,10,49,347,0.342275120165
0.133119707027,0.202944991226,0,1478217347943,0.19203479057,11,49,349,0.555321583886
0.0590981918059,0.082124055848,0,1478217348384,0.0715342946517,0,49,828,0.226382848859
0.102220187686,0.158693827726,0,1478217348440,0.140230411231,1,49,830,0.413427939269
0.0835736629282,0.120576791028,0,1478217348440,0.119279774166,2,49,832,0.364614328222
0.0381322957198,0.0533913176165,0,1478217348440,0.0453345540551,3,49,834,0.150576028077
0.102311741817,0.15768673228,0,1478217348440,0.137193865873,4,49,836,0.417257953765
0.118211642634,0.1760280766,0,1478217348440,0.164187075608,5,49,838,0.486717021439
0.0482032501717,0.0734874494545,0,1478217348441,0.0643778133822,6,49,840,0.204348821241
0.0764019226368,0.114900434882,0,1478217348441,0.0968184939345,7,49,841,0.279499504082
0.110505836576,0.170687418936,0,1478217348441,0.156572823682,8,49,844,0.46524757763
0.0716868848707,0.10337987335,0,1478217348441,0.0998245212482,9,49,846,0.298405432212
0.0869459067674,0.108140688182,0,1478217348441,0.0928969253071,10,49,848,0.342275120165
0.133150225071,0.202960250248,0,1478217348441,0.192065308614,11,49,850,0.555397878996
0.0590981918059,0.0820935378042,0,1478217348885,0.0715342946517,0,50,329,0.226367589837
0.102204928664,0.158693827726,0,1478217348938,0.140245670253,1,50,331,0.413458457313
0.0835736629282,0.120576791028,0,1478217348938,0.119279774166,2,50,333,0.3645990692
0.0381170366979,0.0533913176165,0,1478217348938,0.0453345540551,3,50,334,0.150545510033
0.102296482795,0.157656214237,0,1478217348938,0.137178606851,4,50,336,0.417257953765
0.118196383612,0.176043335622,0,1478217348938,0.164187075608,5,50,338,0.486717021439
0.0482185091936,0.0734874494545,0,1478217348938,0.0643778133822,6,50,340,0.204379339284
0.0764019226368,0.114915693904,0,1478217348938,0.0968184939345,7,50,342,0.279514763104
0.110521095598,0.170656900893,0,1478217348939,0.15655756466,8,50,344,0.465186541543
0.0716716258488,0.103364614328,0,1478217348939,0.0998092622263,9,50,346,0.298374914168
0.0869459067674,0.108140688182,0,1478217348939,0.0928969253071,10,50,348,0.342259861143
0.133119707027,0.202960250248,0,1478217348939,0.192050049592,11,50,350,0.555336842908
0.0591134508278,0.0821087968261,0,1478217349386,0.0715495536736,0,50,829,0.226428625925
0.10225070573,0.158693827726,0,1478217349440,0.140230411231,1,50,831,0.4135194934
0.0835736629282,0.120561532006,0,1478217349441,0.11931029221,2,50,833,0.364614328222
0.0381170366979,0.0533913176165,0,1478217349441,0.0453345540551,3,50,835,0.150560769055
0.102265964752,0.157656214237,0,1478217349441,0.137209124895,4,50,837,0.417227435721
0.118196383612,0.1760280766,0,1478217349441,0.164171816587,5,50,839,0.486610208286
0.0482032501717,0.0734874494545,0,1478217349441,0.0643930724041,6,50,841,0.204379339284
0.0764019226368,0.114900434882,0,1478217349441,0.0968184939345,7,50,843,0.279514763104
0.110521095598,0.170641641871,0,1478217349441,0.15655756466,8,50,845,0.465217059586
0.0716868848707,0.103364614328,0,1478217349441,0.0998245212482,9,50,847,0.298374914168
0.0869611657893,0.108155947204,0,1478217349441,0.0928969253071,10,50,849,0.342259861143
0.133134966049,0.202944991226,0,1478217349441,0.19203479057,11,50,851,0.555321583886
0.0590981918059,0.0821087968261,0,1478217349886,0.0715648126955,0,51,330,0.226382848859
0.102265964752,0.158678568704,0,1478217349944,0.140215152209,1,51,332,0.4135194934
0.0835584039063,0.120561532006,0,1478217349944,0.119295033188,2,51,334,0.3645990692
0.0381170366979,0.0534065766384,0,1478217349944,0.0453345540551,3,51,336,0.150576028077
0.102281223774,0.157656214237,0,1478217349944,0.137193865873,4,51,338,0.417257953765
0.118211642634,0.176058594644,0,1478217349944,0.164187075608,5,51,340,0.486732280461
0.0482032501717,0.0734874494545,0,1478217349945,0.0643778133822,6,51,341,0.204364080262
0.0764171816587,0.114915693904,0,1478217349945,0.0968337529564,7,51,343,0.279530022126
0.11053635462,0.170672159915,0,1478217349945,0.156588082704,8,51,346,0.465308613718
0.0716868848707,0.10337987335,0,1478217349945,0.0998245212482,9,51,348,0.29839017319
0.0869764248112,0.108140688182,0,1478217349945,0.0928969253071,10,51,350,0.342290379187
0.133119707027,0.202960250248,0,1478217349945,0.192095826658,11,51,351,0.555397878996
0.0590981918059,0.0821087968261,0,1478217350387,0.0715495536736,0,51,831,0.226367589837
0.102235446708,0.158678568704,0,1478217350438,0.140199893187,1,51,832,0.413427939269
0.0835584039063,0.12059205005,0,1478217350438,0.11931029221,2,51,834,0.364629587243
0.0381170366979,0.0533913176165,0,1478217350439,0.0453345540551,3,51,836,0.150560769055
0.102281223774,0.157671473259,0,1478217350439,0.137193865873,4,51,838,0.417257953765
0.118196383612,0.176058594644,0,1478217350439,0.16420233463,5,51,840,0.486701762417
0.0481879911498,0.0734874494545,0,1478217350439,0.0643778133822,6,51,842,0.204348821241
0.0763866636149,0.114915693904,0,1478217350439,0.0968032349126,7,51,844,0.279468986038
0.11053635462,0.170656900893,0,1478217350439,0.15655756466,8,51,846,0.465262836652
0.0716716258488,0.103364614328,0,1478217350439,0.0998092622263,9,51,848,0.298344396124
0.087006942855,0.108171206226,0,1478217350439,0.0929274433509,10,51,850,0.342381933318
0.133089188983,0.20289921416,0,1478217350439,0.192050049592,11,51,852,0.555291065843
0.0590981918059,0.0820935378042,0,1478217350888,0.0715495536736,0,52,331,0.226382848859
0.102235446708,0.158678568704,0,1478217350948,0.140199893187,1,52,333,0.413427939269
0.0835736629282,0.120607309071,0,1478217350948,0.11931029221,2,52,335,0.364675364309
0.0381170366979,0.0533913176165,0,1478217350948,0.0453345540551,3,52,337,0.150576028077
0.102281223774,0.157671473259,0,1478217350948,0.137193865873,4,52,339,0.417257953765
0.118196383612,0.176058594644,0,1478217350948,0.16420233463,5,52,341,0.486732280461
0.0481879911498,0.0734874494545,0,1478217350948,0.0643778133822,6,52,343,0.204348821241
0.0764019226368,0.114915693904,0,1478217350948,0.0968184939345,7,52,345,0.279468986038
0.110521095598,0.170611123827,0,1478217350948,0.15655756466,8,52,347,0.465217059586
0.0717021438926,0.10337987335,0,1478217350948,0.0998397802701,9,52,349,0.298420691234
0.0869459067674,0.108155947204,0,1478217350949,0.092912184329,10,52,351,0.342305638209
0.133134966049,0.202960250248,0,1478217350949,0.192080567636,11,52,353,0.555443656062
0.0591134508278,0.0821087968261,0,1478217351388,0.0715648126955,0,52,832,0.226398107881
0.10225070573,0.158693827726,0,1478217351452,0.140260929274,1,52,834,0.4135194934
0.0835584039063,0.12059205005,0,1478217351452,0.119295033188,2,52,836,0.3645990692
0.0381170366979,0.0533913176165,0,1478217351452,0.0453345540551,3,52,837,0.150591287098
0.102311741817,0.15768673228,0,1478217351452,0.137224383917,4,52,839,0.41738002594
0.118226901656,0.176073853666,0,1478217351452,0.164217593652,5,52,841,0.486732280461
0.0482032501717,0.0735027084764,0,1478217351452,0.0643930724041,6,52,843,0.204379339284
0.0763866636149,0.114915693904,0,1478217351452,0.0968184939345,7,52,845,0.279514763104
0.110551613642,0.170702677958,0,1478217351452,0.156588082704,8,52,848,0.465339131762
0.0716868848707,0.10337987335,0,1478217351452,0.0998245212482,9,52,849,0.298405432212
0.0869764248112,0.108171206226,0,1478217351452,0.0929274433509,10,52,851,0.34232089723
0.133104448005,0.202944991226,0,1478217351453,0.192080567636,11,52,853,0.555413138018
0.0590981918059,0.0821087968261,0,1478217351889,0.0715495536736,0,53,332,0.226352330816
0.10225070573,0.158709086748,0,1478217351941,0.140260929274,1,53,334,0.413534752422
0.0835889219501,0.120622568093,0,1478217351941,0.11931029221,2,53,336,0.364690623331
0.0381170366979,0.0534065766384,0,1478217351941,0.0453345540551,3,53,338,0.150560769055
0.102296482795,0.157701991302,0,1478217351941,0.137193865873,4,53,340,0.417318989853
0.118211642634,0.176073853666,0,1478217351941,0.16420233463,5,53,342,0.486717021439
0.0482185091936,0.0735027084764,0,1478217351941,0.0643930724041,6,53,344,0.204394598306
0.0763866636149,0.114900434882,0,1478217351941,0.0968032349126,7,53,346,0.27948424506
0.110551613642,0.170687418936,0,1478217351941,0.15655756466,8,53,348,0.465262836652
0.0716868848707,0.103395132372,0,1478217351941,0.0998245212482,9,53,350,0.29839017319
0.0869764248112,0.108171206226,0,1478217351941,0.0929274433509,10,53,352,0.342336156252
0.133104448005,0.202960250248,0,1478217351941,0.192080567636,11,53,354,0.555443656062
0.0590981918059,0.0821087968261,0,1478217352389,0.0715342946517,0,53,833,0.22630655375
0.102235446708,0.158693827726,0,1478217352452,0.140230411231,1,53,835,0.413550011444
0.0835584039063,0.120576791028,0,1478217352452,0.11931029221,2,53,837,0.364660105287
0.0381170366979,0.0534065766384,0,1478217352452,0.0453345540551,3,53,839,0.150560769055
0.102296482795,0.157671473259,0,1478217352452,0.137193865873,4,53,840,0.417303730831
0.118196383612,0.176058594644,0,1478217352452,0.164187075608,5,53,842,0.486686503395
0.0482032501717,0.0735027084764,0,1478217352452,0.0643778133822,6,53,844,0.204379339284
0.0763866636149,0.114915693904,0,1478217352452,0.0968032349126,7,53,846,0.27948424506
0.110521095598,0.170687418936,0,1478217352452,0.156572823682,8,53,849,0.46524757763
0.0717021438926,0.10337987335,0,1478217352452,0.0998092622263,9,53,850,0.298359655146
0.0869764248112,0.108171206226,0,1478217352452,0.092912184329,10,53,852,0.342351415274
0.133119707027,0.202990768292,0,1478217352452,0.192080567636,11,53,854,0.555397878996
0.0590981918059,0.0821087968261,0,1478217352890,0.0715495536736,0,54,333,0.226352330816
0.102220187686,0.158693827726,0,1478217352946,0.140215152209,1,54,335,0.413504234379
0.0835736629282,0.120607309071,0,1478217352946,0.119325551232,2,54,337,0.364675364309
0.0381170366979,0.0534065766384,0,1478217352946,0.0453345540551,3,54,339,0.150545510033
0.102281223774,0.157656214237,0,1478217352946,0.137193865873,4,54,341,0.417318989853
0.118211642634,0.176058594644,0,1478217352946,0.164187075608,5,54,343,0.486686503395
0.0482032501717,0.0734874494545,0,1478217352946,0.0643930724041,6,54,345,0.204333562219
0.0763866636149,0.114915693904,0,1478217352946,0.0968032349126,7,54,347,0.279499504082
0.110551613642,0.170687418936,0,1478217352946,0.156588082704,8,54,349,0.465293354696
0.0716868848707,0.10337987335,0,1478217352946,0.0998245212482,9,54,351,0.298374914168
0.0869611657893,0.108171206226,0,1478217352946,0.092912184329,10,54,353,0.342290379187
0.133134966049,0.20297550927,0,1478217352947,0.192065308614,11,54,355,0.55542839704
0.0590981918059,0.0820935378042,0,1478217353390,0.0715495536736,0,54,834,0.22630655375
0.10217441062,0.158602273594,0,1478217353443,0.140154116121,1,54,836,0.413290608072
0.0834821087968,0.120439459831,0,1478217353443,0.119233997101,2,54,838,0.364339665827
0.0381170366979,0.0533913176165,0,1478217353443,0.0453345540551,3,54,840,0.150576028077
0.102296482795,0.15768673228,0,1478217353443,0.137224383917,4,54,842,0.417364766918
0.118196383612,0.176043335622,0,1478217353443,0.164187075608,5,54,844,0.486655985351
0.0482032501717,0.0734874494545,0,1478217353443,0.0643778133822,6,54,846,0.204348821241
0.0763408865492,0.114869916838,0,1478217353443,0.096757457847,7,54,847,0.27940794995
0.110551613642,0.170672159915,0,1478217353443,0.156588082704,8,54,850,0.465278095674
0.0717021438926,0.103395132372,0,1478217353443,0.0998092622263,9,54,852,0.298359655146
0.0869153887236,0.108110170138,0,1478217353443,0.0928511482414,10,54,854,0.34215304799
0.133119707027,0.202929732204,0,1478217353443,0.192080567636,11,54,856,0.555321583886
0.0590524147402,0.0820325017166,0,1478217353891,0.0715037766079,0,55,335,0.22623025864
0.102098115511,0.158480201419,0,1478217353942,0.140047302968,1,55,336,0.412924391547
0.0834668497749,0.120408941787,0,1478217353942,0.119218738079,2,55,338,0.364248111696
0.0381017776761,0.0533913176165,0,1478217353942,0.0453345540551,3,55,340,0.150530251011
0.102281223774,0.157656214237,0,1478217353942,0.137163347829,4,55,342,0.417318989853
0.118165865568,0.175982299535,0,1478217353942,0.164156557565,5,55,344,0.48648813611
0.0481727321279,0.0734569314107,0,1478217353942,0.0643625543603,6,55,346,0.204272526131
0.0762645914397,0.114747844663,0,1478217353942,0.0966964217594,7,55,348,0.279087510491
0.110505836576,0.170595864805,0,1478217353942,0.156542305638,8,55,350,0.465110246433
0.0716716258488,0.103364614328,0,1478217353942,0.0998092622263,9,55,352,0.298283360037
0.0866407263294,0.107743953613,0,1478217353942,0.0925917448692,10,55,354,0.341039139391
0.133089188983,0.202868696117,0,1478217353943,0.192019531548,11,55,356,0.555184252689
0.0590524147402,0.0820325017166,0,1478217354392,0.071488517586,0,55,835,0.226184481575
0.102067597467,0.158419165332,0,1478217354448,0.13998626688,1,55,837,0.412726024262
0.083451590753,0.120363164721,0,1478217354448,0.119172961013,2,55,839,0.364126039521
0.0381170366979,0.0534218356603,0,1478217354448,0.045349813077,3,55,841,0.15060654612
0.102265964752,0.157610437171,0,1478217354448,0.137148088808,4,55,843,0.417196917678
0.118135347524,0.175921263447,0,1478217354448,0.164110780499,5,55,845,0.486472877089
0.0481727321279,0.0734416723888,0,1478217354448,0.0643625543603,6,55,847,0.204272526131
0.0761730373083,0.114595254444,0,1478217354448,0.0965743495842,7,55,849,0.278629739834
0.110505836576,0.170611123827,0,1478217354448,0.156542305638,8,55,851,0.465094987411
0.0716716258488,0.103349355306,0,1478217354448,0.0997940032044,9,55,853,0.298268101015
0.0863050278477,0.107301441978,0,1478217354448,0.0922560463874,10,55,855,0.339711604486
0.133073929961,0.202822919051,0,1478217354448,0.191989013504,11,55,857,0.55510795758
0.0590218966964,0.0819714656291,0,1478217354892,0.0714274814984,0,56,336,0.225970855268
0.101960784314,0.158281834134,0,1478217354958,0.139879453727,1,56,338,0.412329289693
0.0833905546654,0.120256351568,0,1478217354958,0.119096665904,2,56,340,0.363881895171
0.0380865186542,0.0533913176165,0,1478217354958,0.0453192950332,3,56,341,0.150545510033
0.102235446708,0.157564660105,0,1478217354958,0.137117570764,4,56,343,0.417044327459
0.118120088502,0.175844968338,0,1478217354958,0.164034485389,5,56,345,0.48624399176
0.048157473106,0.073411154345,0,1478217354958,0.0643320363165,6,56,347,0.204180972
0.0759746700237,0.114335851072,0,1478217354958,0.0963912413214,7,56,349,0.277927824826
0.110475318532,0.170565346761,0,1478217354958,0.156481269551,8,56,352,0.46492713817
0.0716258487831,0.103303578241,0,1478217354958,0.0997482261387,9,56,354,0.298176546883
0.086121919585,0.106935225452,0,1478217354958,0.092027161059,10,56,356,0.339009689479
0.133012893874,0.20273136492,0,1478217354959,0.191912718395,11,56,357,0.554833295186
0.0589608606088,0.0819256885634,0,1478217355392,0.0713817044327,0,56,836,0.225803006027
0.101869230182,0.158175020981,0,1478217355448,0.139772640574,1,56,838,0.411917296101
0.0833600366217,0.120225833524,0,1478217355448,0.119081406882,2,56,840,0.363759822995
0.0380560006104,0.053330281529,0,1478217355448,0.0453040360113,3,56,842,0.150453955901
0.10217441062,0.157488364996,0,1478217355448,0.137041275654,4,56,844,0.41689173724
0.118059052415,0.175799191272,0,1478217355448,0.163988708324,5,56,846,0.486106660563
0.0481269550622,0.0733653772793,0,1478217355448,0.0643015182727,6,56,848,0.204043640803
0.0758678568704,0.114183260853,0,1478217355448,0.0962844281682,7,56,850,0.277515831235
0.110429541466,0.170504310674,0,1478217355448,0.156435492485,8,56,852,0.464728770886
0.0716258487831,0.103288319219,0,1478217355448,0.0997482261387,9,56,854,0.298161287861
0.085816739147,0.106431677729,0,1478217355448,0.091721980621,10,56,856,0.338048371099
0.13298237583,0.202700846876,0,1478217355448,0.191897459373,11,56,858,0.554772259098
0.0589456015869,0.0818951705196,0,1478217355893,0.0713664454108,0,57,337,0.225803006027
0.101838712139,0.158129243915,0,1478217355957,0.13974212253,1,57,339,0.41174944686
0.0833447775998,0.120180056458,0,1478217355958,0.119050888838,2,57,341,0.363683527886
0.0380407415885,0.0532997634852,0,1478217355958,0.0453040360113,3,57,343,0.150377660792
0.102204928664,0.157503624018,0,1478217355958,0.13708705272,4,57,345,0.416937514305
0.118043793393,0.175799191272,0,1478217355958,0.16395819028,5,57,347,0.486076142519
0.0480964370184,0.0733196002136,0,1478217355958,0.0642710002289,6,57,348,0.203936827649
0.0758678568704,0.114183260853,0,1478217355958,0.0962844281682,7,57,350,0.277515831235
0.110429541466,0.170504310674,0,1478217355958,0.156450751507,8,57,353,0.464805065995
0.0716105897612,0.103257801175,0,1478217355958,0.0997329671168,9,57,355,0.298084992752
0.08567940795,0.106248569467,0,1478217355958,0.0916151674678,10,57,357,0.337544823377
0.132967116808,0.202670328832,0,1478217355958,0.191836423285,11,57,358,0.554680704967
0.0589150835431,0.0818646524758,0,1478217356394,0.071351186389,0,57,838,0.225711451896
0.101808194095,0.158129243915,0,1478217356446,0.139757381552,1,57,839,0.411718928817
0.0833295185779,0.12019531548,0,1478217356447,0.119050888838,2,57,841,0.363668268864
0.0380254825666,0.0532997634852,0,1478217356447,0.0452887769894,3,57,843,0.150331883726
0.102220187686,0.157503624018,0,1478217356447,0.137102311742,4,57,845,0.416937514305
0.118043793393,0.175768673228,0,1478217356447,0.164003967346,5,57,847,0.486060883497
0.0480811779965,0.0733196002136,0,1478217356447,0.0642710002289,6,57,849,0.203891050584
0.0758373388266,0.114168001831,0,1478217356447,0.0962539101244,7,57,851,0.277424277104
0.110444800488,0.17047379263,0,1478217356447,0.156435492485,8,57,853,0.464820325017
0.0716258487831,0.103288319219,0,1478217356447,0.0997482261387,9,57,855,0.29814602884
0.0856946669718,0.10627908751,0,1478217356447,0.0916609445335,10,57,857,0.33765163653
0.13298237583,0.20265506981,0,1478217356447,0.191866941329,11,57,859,0.554695963989
0.058930342565,0.0818646524758,0,1478217356895,0.071351186389,0,58,338,0.225711451896
0.101838712139,0.158129243915,0,1478217356946,0.139726863508,1,58,340,0.411734187839
0.0833295185779,0.12019531548,0,1478217356946,0.119050888838,2,58,342,0.363683527886
0.0380254825666,0.0532845044633,0,1478217356946,0.0452887769894,3,58,344,0.150316624704
0.102189669642,0.157503624018,0,1478217356946,0.137056534676,4,58,346,0.416861219196
0.118028534371,0.175738155184,0,1478217356947,0.163973449302,5,58,348,0.485984588388
0.0480811779965,0.0733196002136,0,1478217356947,0.064255741207,6,58,350,0.203906309606
0.0758525978485,0.114152742809,0,1478217356947,0.0962691691463,7,58,352,0.277454795148
0.110414282444,0.170458533608,0,1478217356947,0.156404974441,8,58,354,0.464728770886
0.0715953307393,0.103257801175,0,1478217356947,0.0997177080949,9,58,356,0.298039215686
0.0856488899062,0.106263828489,0,1478217356947,0.0916456855116,10,58,358,0.337575341421
0.132921339742,0.202639810788,0,1478217356947,0.191851682307,11,58,360,0.554711223011
0.0589150835431,0.0818646524758,0,1478217357395,0.0713359273671,0,58,839,0.225680933852
0.101838712139,0.158113984894,0,1478217357452,0.139711604486,1,58,841,0.411703669795
0.0833295185779,0.12019531548,0,1478217357452,0.11906614786,2,58,843,0.363668268864
0.0380102235447,0.0532845044633,0,1478217357452,0.0452887769894,3,58,845,0.150286106661
0.102189669642,0.157503624018,0,1478217357452,0.137056534676,4,58,846,0.416800183108
0.118028534371,0.175753414206,0,1478217357452,0.163973449302,5,58,848,0.486030365454
0.0480811779965,0.0733043411917,0,1478217357452,0.0642710002289,6,58,850,0.203906309606
0.0758525978485,0.114152742809,0,1478217357452,0.0962539101244,7,58,852,0.277485313191
0.110429541466,0.170519569696,0,1478217357452,0.156435492485,8,58,855,0.464789806973
0.0716258487831,0.103288319219,0,1478217357452,0.0997482261387,9,58,856,0.29814602884
0.0856336308843,0.106263828489,0,1478217357452,0.0916456855116,10,58,858,0.337560082399
0.132921339742,0.202639810788,0,1478217357453,0.191851682307,11,58,860,0.554711223011
0.058930342565,0.0818646524758,0,1478217357895,0.071351186389,0,59,339,0.225711451896
0.101777676051,0.15808346685,0,1478217357949,0.139696345464,1,59,341,0.411566338598
0.0833447775998,0.120210574502,0,1478217357949,0.119081406882,2,59,343,0.363668268864
0.0380102235447,0.0532845044633,0,1478217357949,0.0452735179675,3,59,345,0.150286106661
0.10217441062,0.157503624018,0,1478217357949,0.13708705272,4,59,347,0.41689173724
0.118043793393,0.175753414206,0,1478217357949,0.163973449302,5,59,349,0.486060883497
0.0480811779965,0.0733043411917,0,1478217357949,0.064255741207,6,59,351,0.203891050584
0.0758373388266,0.114152742809,0,1478217357950,0.0962691691463,7,59,353,0.277439536126
0.110444800488,0.170489051652,0,1478217357950,0.156450751507,8,59,355,0.464789806973
0.0716258487831,0.103273060197,0,1478217357950,0.0997329671168,9,59,357,0.298115510796
0.0856336308843,0.106263828489,0,1478217357950,0.0916456855116,10,59,359,0.337575341421
0.132951857786,0.20265506981,0,1478217357950,0.191866941329,11,59,361,0.554818036164
0.0589150835431,0.0818493934539,0,1478217358396,0.0713359273671,0,59,840,0.225650415808
0.101747158007,0.158052948806,0,1478217358454,0.139696345464,1,59,842,0.41150530251
0.0833295185779,0.120180056458,0,1478217358454,0.119081406882,2,59,844,0.363576714733
0.0380102235447,0.0532845044633,0,1478217358454,0.0452887769894,3,59,846,0.150301365682
0.102189669642,0.157503624018,0,1478217358454,0.13708705272,4,59,848,0.416922255283
0.118028534371,0.175738155184,0,1478217358454,0.163942931258,5,59,850,0.485984588388
0.0480659189746,0.0733043411917,0,1478217358454,0.0642404821851,6,59,851,0.203875791562
0.0758220798047,0.114152742809,0,1478217358454,0.0962691691463,7,59,853,0.277409018082
0.110429541466,0.170458533608,0,1478217358454,0.156435492485,8,59,856,0.464698252842
0.0716105897612,0.103273060197,0,1478217358454,0.0997482261387,9,59,858,0.298084992752
0.0856336308843,0.10627908751,0,1478217358454,0.0916456855116,10,59,860,0.337605859464
0.132967116808,0.202670328832,0,1478217358454,0.191882200351,11,59,862,0.554848554208
0.0588998245212,0.0818188754101,0,1478217358897,0.0713206683452,0,0,341,0.225635156786
0.101731898985,0.157976653696,0,1478217358956,0.139650568399,1,0,342,0.411306935225
0.0832990005341,0.120149538415,0,1478217358956,0.119050888838,2,0,344,0.363485160601
0.0379949645228,0.0532539864195,0,1478217358956,0.0452735179675,3,0,346,0.150255588617
0.10217441062,0.157503624018,0,1478217358956,0.13708705272,4,0,348,0.41689173724
0.117998016327,0.17570763714,0,1478217358956,0.163927672236,5,0,350,0.485877775235
0.0480354009308,0.0732890821698,0,1478217358956,0.0642404821851,6,0,352,0.203799496452
0.0758068207828,0.114106965743,0,1478217358956,0.0962386511025,7,0,354,0.277363241016
0.110399023423,0.170428015564,0,1478217358956,0.156450751507,8,0,356,0.464713511864
0.0716105897612,0.103257801175,0,1478217358956,0.0997329671168,9,0,358,0.298054474708
0.0856946669718,0.106385900664,0,1478217358956,0.091721980621,10,0,360,0.337850003815
0.132936598764,0.202670328832,0,1478217358956,0.191836423285,11,0,362,0.554802777142
0.0588693064775,0.0818188754101,0,1478217359397,0.0713054093233,0,0,841,0.225604638743
0.101731898985,0.157976653696,0,1478217359459,0.139635309377,1,0,843,0.411291676204
0.083314259556,0.120149538415,0,1478217359459,0.119050888838,2,0,845,0.363500419623
0.0379949645228,0.0532387273976,0,1478217359459,0.0452582589456,3,0,847,0.150194552529
0.102159151598,0.157473105974,0,1478217359459,0.137056534676,4,0,849,0.41681544213
0.117967498283,0.175677119097,0,1478217359459,0.163897154192,5,0,851,0.485816739147
0.0480506599527,0.0732890821698,0,1478217359459,0.0642404821851,6,0,853,0.203814755474
0.0758068207828,0.114091706722,0,1478217359459,0.0962233920806,7,0,855,0.277286945907
0.110399023423,0.170428015564,0,1478217359460,0.156420233463,8,0,857,0.464713511864
0.0715953307393,0.103257801175,0,1478217359460,0.0997177080949,9,0,859,0.298039215686
0.0857099259937,0.106385900664,0,1478217359460,0.091721980621,10,0,861,0.337819485771
0.132936598764,0.20265506981,0,1478217359460,0.191851682307,11,0,863,0.554695963989
0.0588387884337,0.0817883573663,0,1478217359898,0.0712901503014,0,1,342,0.225543602655
0.101564049744,0.157747768368,0,1478217359954,0.139482719158,1,1,344,0.410666056306
0.0832684824903,0.120103761349,0,1478217359954,0.119005111772,2,1,346,0.363363088426
0.037964446479,0.0532234683757,0,1478217359954,0.0452429999237,3,1,348,0.150148775463
0.102159151598,0.15744258793,0,1478217359954,0.13701075761,4,1,349,0.416800183108
0.117967498283,0.175677119097,0,1478217359954,0.163897154192,5,1,351,0.485816739147
0.0480354009308,0.073258564126,0,1478217359954,0.0642252231632,6,1,353,0.203738460365
0.075776302739,0.114045929656,0,1478217359954,0.0961928740368,7,1,355,0.277195391775
0.110399023423,0.170382238499,0,1478217359954,0.156389715419,8,1,358,0.464576180667
0.0716105897612,0.103227283131,0,1478217359954,0.0997177080949,9,1,360,0.298023956664
0.085526817731,0.106157015335,0,1478217359954,0.0915999084459,10,1,361,0.337254901961
0.13290608072,0.202594033722,0,1478217359955,0.191821164263,11,1,363,0.554619668879
0.0587472343023,0.081681544213,0,1478217360398,0.0712138551919,0,1,842,0.225192645151
0.100862134737,0.156923781186,0,1478217360460,0.138872358282,1,1,844,0.407873655299
0.0830548561837,0.119905394064,0,1478217360460,0.118852521553,2,1,846,0.362706950484
0.0375829709316,0.0527199206531,0,1478217360460,0.0449835965515,3,1,848,0.149004348821
0.102082856489,0.157351033799,0,1478217360460,0.136980239567,4,1,850,0.416525520714
0.117906462196,0.175570305943,0,1478217360463,0.163836118105,5,1,852,0.485587853819
0.0479285877775,0.0731059739071,0,1478217360463,0.0641184100099,6,1,854,0.203326466773
0.0756389715419,0.113862821393,0,1478217360464,0.0960708018616,7,1,856,0.276813916228
0.110307469291,0.170290684367,0,1478217360464,0.156328679332,8,1,858,0.464286259251
0.0715495536736,0.103181506065,0,1478217360464,0.0996719310292,9,1,860,0.297856107424
0.083756771191,0.104127565423,0,1478217360464,0.090394445716,10,1,862,0.331013962005
0.132845044633,0.202502479591,0,1478217360464,0.191775387198,11,1,864,0.554451819638
0.0584267948425,0.0812848096437,0,1478217360899,0.0709239337758,0,2,343,0.223941405356
0.0993514915694,0.155184252689,0,1478217360959,0.137529564355,1,2,345,0.401556420233
0.0826733806363,0.119417105364,0,1478217360959,0.118455786984,2,2,347,0.361455710689
0.0373083085374,0.0523689631495,0,1478217360959,0.0447699702449,3,2,349,0.148088807507
0.101945525292,0.157137407492,0,1478217360959,0.136858167391,4,2,351,0.415991454948
0.117601281758,0.175097276265,0,1478217360959,0.163546196689,5,2,352,0.484519722286
0.0476081483177,0.072678721294,0,1478217360959,0.0637827115282,6,2,354,0.201953154803
0.0754253452354,0.113527122911,0,1478217360959,0.0958876935988,7,2,356,0.276112001221
0.110093842985,0.169985503929,0,1478217360959,0.156084534981,8,2,359,0.463492790112
0.0714579995422,0.103044174868,0,1478217360959,0.0995803768978,9,2,361,0.297474631876
0.0818036163882,0.102555886168,0,1478217360959,0.0891126878767,10,2,363,0.323521782254
0.132555123217,0.202090486,0,1478217360959,0.191485465782,11,2,364,0.553429465171
0.0582589456016,0.0810559243153,0,1478217361399,0.0708018616007,0,2,844,0.223529411765
0.0976272220951,0.153170061799,0,1478217361451,0.135942626078,1,2,845,0.39461356527
0.0823682001984,0.118928816663,0,1478217361451,0.118120088502,2,2,847,0.360296025025
0.0372014953841,0.0522011139086,0,1478217361452,0.0446631570916,3,2,849,0.147631036851
0.101823453117,0.156908522164,0,1478217361452,0.136705577173,4,2,851,0.415518425269
0.117082475013,0.174349584192,0,1478217361452,0.163057907988,5,2,853,0.482764934768
0.0473334859236,0.0723277637903,0,1478217361452,0.0635385671778,6,2,855,0.201052872511
0.0750896467536,0.113054093233,0,1478217361452,0.0956130312047,7,2,857,0.275089646754
0.109910734722,0.169710841535,0,1478217361452,0.155886167697,8,2,859,0.462882429236
0.0713969634546,0.102983138781,0,1478217361452,0.0995193408103,9,2,861,0.297322041657
0.0799725337606,0.0997329671168,0,1478217361452,0.0864271000229,10,2,863,0.315571831846
0.132219424735,0.201571679255,0,1478217361452,0.191165026322,11,2,865,0.552239261463
0.0583047226673,0.0810711833371,0,1478217361900,0.0707866025788,0,3,344,0.223727779049
0.0966964217594,0.151827267872,0,1478217361950,0.134721904326,1,3,346,0.390737773709
0.0820782787823,0.118547341115,0,1478217361950,0.117738612955,2,3,348,0.358861676967
0.0372014953841,0.0520637827115,0,1478217361950,0.0445563439384,3,3,350,0.147325856413
0.101670862898,0.156649118791,0,1478217361950,0.13652246891,4,3,352,0.414908064393
0.116533150225,0.173571374075,0,1478217361951,0.162478065156,5,3,354,0.480903334096
0.0473182269017,0.0721446555276,0,1478217361951,0.0634622720684,6,3,356,0.201052872511
0.0752422369726,0.113206683452,0,1478217361951,0.0956435492485,7,3,358,0.275455863279
0.10965133135,0.169253070878,0,1478217361951,0.155596246281,8,3,360,0.461966887922
0.0713969634546,0.102952620737,0,1478217361951,0.0995040817884,9,3,362,0.297291523613
0.0767528801404,0.0921339742123,0,1478217361951,0.0797283894102,10,3,364,0.29927519646
0.131822690166,0.200930800336,0,1478217361951,0.190722514687,11,3,366,0.550774395361
0.0583810177768,0.0811474784466,0,1478217362401,0.0707408255131,0,3,845,0.223773556115
0.0936598764019,0.147661554894,0,1478217362453,0.130052643626,1,3,847,0.373495078965
0.0818188754101,0.118120088502,0,1478217362453,0.117097734035,2,3,849,0.357076371405
0.0377508201724,0.0526894026093,0,1478217362453,0.0448157473106,3,3,850,0.148363469902
0.101304646372,0.155931944762,0,1478217362453,0.135988403143,4,3,852,0.413412680247
0.115617608911,0.172030212863,0,1478217362453,0.161165789273,5,3,854,0.476997024491
0.0471503776608,0.0718089570459,0,1478217362453,0.063065537499,6,3,856,0.199877927825
0.0751049057755,0.113054093233,0,1478217362453,0.0953078507668,7,3,858,0.274479285878
0.109086747539,0.168307011521,0,1478217362453,0.154741741054,8,3,861,0.459662775616
0.0713664454108,0.102876325628,0,1478217362453,0.0993972686351,9,3,863,0.297062638285
0.0767528801404,0.0921339742123,0,1478217362453,0.0797283894102,10,3,865,0.29927519646
0.131197070268,0.199893186847,0,1478217362453,0.189898527504,11,3,866,0.548287174792
0.058045319295,0.0806591897459,0,1478217362902,0.0702220187686,0,4,345,0.222232394903
0.0830701152056,0.131197070268,0,1478217362964,0.11375600824,1,4,347,0.322346837568
0.0807812619211,0.116762035554,0,1478217362964,0.115419241627,2,4,349,0.351873044938
0.0388952468147,0.0543984130617,0,1478217362964,0.0454413672084,3,4,351,0.150560769055
0.100831616693,0.155168993668,0,1478217362964,0.135042343786,4,4,353,0.410833905547
0.113496604868,0.168886854353,0,1478217362964,0.158419165332,5,4,355,0.468741893645
0.0465857938506,0.0709544518196,0,1478217362964,0.0623483634699,6,4,357,0.197497520409
0.0725719081407,0.109437705043,0,1478217362964,0.0923781185626,7,4,359,0.264087891966
0.108232242313,0.166948958572,0,1478217362964,0.153307392996,8,4,361,0.455497062638
0.0711223010605,0.10249485008,0,1478217362964,0.0990310521096,9,4,363,0.29597924773
0.0758373388266,0.0882429236286,0,1478217362964,0.0749217975128,10,4,365,0.287617303731
0.130022125582,0.197894254978,0,1478217362964,0.188113221942,11,4,367,0.543404287785
0.0572518501564,0.079316395819,0,1478217363402,0.0691386282139,0,4,846,0.218982223239
0.0680857557031,0.103593499657,0,1478217363453,0.0874647135119,1,4,848,0.267704280156
0.0784924086366,0.11375600824,0,1478217363454,0.112642099641,2,4,850,0.342000457771
0.046387426566,0.0636301213092,0,1478217363454,0.0510109102007,3,4,852,0.167269398032
0.099412527657,0.153078507668,0,1478217363454,0.132890821698,4,4,854,0.405447470817
0.0977035172045,0.144884412909,0,1478217363454,0.137117570764,5,4,855,0.405081254292
0.0458686198215,0.0695201037613,0,1478217363454,0.0612191958495,6,4,857,0.194460975051
0.0704966811627,0.102754253452,0,1478217363454,0.0845960173953,7,4,859,0.253208209354
0.101915007248,0.155260547799,0,1478217363454,0.144991226062,8,4,862,0.431204699779
0.0707103074693,0.101762417029,0,1478217363454,0.0983138780804,9,4,864,0.294087129015
0.077546349279,0.092164492256,0,1478217363454,0.0787975890745,10,4,866,0.289295796139
0.12381170367,0.186861982147,0,1478217363454,0.179552910658,11,4,867,0.520866712444
0.0579232471199,0.0770275425345,0,1478217363902,0.066315709163,0,5,346,0.217502098116
0.0648203250172,0.0925001907378,0,1478217363957,0.0771648737316,1,5,348,0.248157473106
0.0777141985199,0.11230640116,0,1478217363957,0.111207751583,2,5,350,0.337224383917
0.0508735790036,0.0690928511482,0,1478217363957,0.0569161516747,3,5,352,0.184679942016
0.0949111161975,0.145128557259,0,1478217363957,0.127412832837,4,5,354,0.38930342565
0.0866254673075,0.130617227436,0,1478217363957,0.116243228809,5,5,356,0.336217288472
0.0443427176318,0.0656443121996,0,1478217363957,0.0576638437476,6,5,358,0.183642328527
0.0710765239948,0.0947280079347,0,1478217363957,0.0791027695125,7,5,360,0.254657816434
0.0807660028992,0.109681849393,0,1478217363958,0.109178301671,8,5,362,0.350942244602
0.0704203860533,0.100984206912,0,1478217363958,0.0972457465476,9,5,364,0.291477836271
0.0855878538186,0.102418554971,0,1478217363958,0.0882276646067,10,5,366,0.330983443961
0.106233310445,0.153322652018,0,1478217363958,0.154299229419,11,5,368,0.453803311208
0.0596627756161,0.0784008545052,0,1478217364403,0.0670481422141,0,5,847,0.223682001984
0.0667887388418,0.0986037994965,0,1478217364454,0.0810101472496,1,5,849,0.251880674449
0.0780193789578,0.112428473335,0,1478217364454,0.110978866255,2,5,851,0.338002594034
0.0500343327993,0.0670939192798,0,1478217364454,0.056427862974,3,5,853,0.180605783169
0.092164492256,0.139650568399,0,1478217364454,0.123216601816,4,5,855,0.377965972381
0.0940108339055,0.141893644617,0,1478217364454,0.125062943465,5,5,857,0.360509651331
0.0433661402304,0.0636148622873,0,1478217364454,0.0558632791638,6,5,859,0.177080949111
0.0679026474403,0.0905622949569,0,1478217364454,0.0774090180819,7,5,860,0.242450598917
0.0638742656596,0.0857709620813,0,1478217364454,0.0774242771038,8,5,863,0.271335927367
0.0696421759365,0.0991989013504,0,1478217364454,0.0953231097887,9,5,865,0.286198214694
0.0869459067674,0.106767376211,0,1478217364454,0.0913862821393,10,5,867,0.338063630121
0.094392309453,0.136827649348,0,1478217364454,0.13684290837,11,5,869,0.405752651255
0.0590066376745,0.0782635233082,0,1478217364903,0.0674906538491,0,6,348,0.222629129473
0.0691386282139,0.102906843671,0,1478217364963,0.0855878538186,1,6,350,0.264667734798
0.0780956740673,0.112443732357,0,1478217364963,0.110826276036,2,6,351,0.337712672618
0.0541084916457,0.069871061265,0,1478217364964,0.0564583810178,3,6,353,0.189211871519
0.094392309453,0.143755245289,0,1478217364964,0.12671091783,4,6,355,0.387335011826
0.0956893263142,0.144380865187,0,1478217364964,0.129549095903,5,6,357,0.375677119097
0.0448462653544,0.0638284885939,0,1478217364964,0.0558632791638,6,6,359,0.180971999695
0.0663309681849,0.0887617303731,0,1478217364964,0.0757457846952,7,6,361,0.239932860304
0.0659800106813,0.0863355458915,0,1478217364964,0.0805523765927,8,6,363,0.284046692607
0.0688029297322,0.0975356679637,0,1478217364964,0.0934615091173,9,6,365,0.279713130388
0.0861371786069,0.10627908751,0,1478217364964,0.0911573968109,10,6,367,0.33684290837
0.0846570534829,0.1208361944,0,1478217364964,0.119447623407,11,6,369,0.35333791104
0.0568551155871,0.0769054703593,0,1478217365404,0.0669260700389,0,6,848,0.216372930495
0.0691386282139,0.102906843671,0,1478217365462,0.0855878538186,1,6,850,0.264667734798
0.0780956740673,0.112642099641,0,1478217365462,0.111085679408,2,6,852,0.338506141756
0.0556496528573,0.0726939803159,0,1478217365463,0.0563515678645,3,6,854,0.189639124132
0.0978255893797,0.150453955901,0,1478217365463,0.131044480049,4,6,856,0.400076295109
0.0885481040665,0.132784008545,0,1478217365463,0.119279774166,5,6,858,0.347890440223
0.0454108491646,0.0662699320974,0,1478217365463,0.0571297779812,6,6,860,0.185061417563
0.0729839017319,0.0994277866789,0,1478217365463,0.0806591897459,7,6,862,0.259327077134
0.0854657816434,0.11754024567,0,1478217365463,0.119203479057,8,6,864,0.369069962615
0.0699168383307,0.0996261539635,0,1478217365463,0.0957656214237,9,6,866,0.287953002213
0.0851758602274,0.104692149233,0,1478217365463,0.0906538490883,10,6,868,0.33298237583
0.114854657816,0.168001831083,0,1478217365463,0.162493324178,11,6,870,0.479499504082
0.0574502174411,0.0794232089723,0,1478217365905,0.0690623331044,0,7,349,0.219378957809
0.0684519722286,0.104997329671,0,1478217365971,0.089662012665,1,7,351,0.269962615396
0.077256427863,0.111757076371,0,1478217365971,0.110688944839,2,7,353,0.336156252384
0.0531013962005,0.0703135729,0,1478217365971,0.054505226215,3,7,355,0.183199816892
0.100679026474,0.15503166247,0,1478217365971,0.134508278019,4,7,356,0.410116731518
0.071046005951,0.105821316854,0,1478217365971,0.100022888533,5,7,358,0.289433127337
0.0456549935149,0.067948424506,0,1478217365971,0.0594796673533,6,7,360,0.190722514687
0.0714579995422,0.106309605554,0,1478217365972,0.0887617303731,7,7,362,0.2572823682
0.101838712139,0.154589150835,0,1478217365972,0.144777599756,8,7,365,0.430762188144
0.0704356450752,0.101106279088,0,1478217365972,0.0973830777447,9,7,367,0.291767757687
0.084336614023,0.0995956359197,0,1478217365972,0.0848096437018,10,7,368,0.311970702678
0.124879835203,0.188906691081,0,1478217365972,0.180666819257,11,7,370,0.523842221714
0.0581826504921,0.0807812619211,0,1478217366405,0.0702067597467,0,7,849,0.222583352407
0.0841840238041,0.129793240253,0,1478217366466,0.11439688716,1,7,851,0.33949797818
0.0777599755856,0.112504768444,0,1478217366466,0.11134508278,2,7,853,0.338353551537
0.0429388876173,0.0600442511635,0,1478217366466,0.048157473106,3,7,855,0.158510719463
0.101197833219,0.1557488365,0,1478217366466,0.135408560311,4,7,857,0.412100404364
0.083894102388,0.122133211261,0,1478217366466,0.120897230488,5,7,859,0.35446707866
0.0453650720989,0.0686198214694,0,1478217366466,0.0603799496452,6,7,861,0.191561760891
0.0739147020676,0.111329823758,0,1478217366466,0.0937666895552,7,7,863,0.269321736477
0.107515068284,0.165712977798,0,1478217366466,0.152422369726,8,7,865,0.452796215763
0.0710765239948,0.102342259861,0,1478217366467,0.098817425803,9,7,867,0.295613031205
0.0833295185779,0.0946364538033,0,1478217366467,0.0783398184176,10,7,869,0.304066529335
0.129945830472,0.19758907454,0,1478217366467,0.18753337911,11,7,871,0.542458228428
0.0583962767987,0.0811474784466,0,1478217366906,0.0705882352941,0,8,350,0.223605706874
0.0946517128252,0.1473868925,0,1478217366957,0.130724040589,1,8,352,0.38165865568
0.0806134126802,0.116426337072,0,1478217366957,0.11520561532,2,8,354,0.351216906996
0.0388342107271,0.0541084916457,0,1478217366957,0.0452124818799,3,8,356,0.150545510033
0.101503013657,0.156298161288,0,1478217366957,0.136140993362,4,8,358,0.414145113298
0.113817044327,0.169329365988,0,1478217366957,0.158434424353,5,8,360,0.469123369192
0.0463721675441,0.0706340123598,0,1478217366957,0.0619516289006,6,8,361,0.196063172351
0.0739147020676,0.111329823758,0,1478217366957,0.0937666895552,7,8,363,0.269321736477
0.109132524605,0.168322270542,0,1478217366958,0.154512855726,8,8,366,0.459159227893
0.0714122224765,0.102922102693,0,1478217366958,0.0993972686351,9,8,368,0.297123674372
0.0792248416876,0.0930342565042,0,1478217366958,0.080064087892,10,8,370,0.30547035935
0.131151293202,0.199771114672,0,1478217366958,0.189593347066,11,8,372,0.547737850004
0.0585183489738,0.0813458457313,0,1478217367406,0.0708934157321,0,8,850,0.224277103838
0.0982070649271,0.153170061799,0,1478217367472,0.135820553902,1,8,852,0.397817959869
0.0820325017166,0.118440527962,0,1478217367472,0.117418173495,2,8,854,0.357930876631
0.0378423743038,0.0527962157626,0,1478217367472,0.0448920424201,3,8,856,0.14891279469
0.101777676051,0.15687800412,0,1478217367472,0.136614023041,4,8,858,0.415442130159
0.11584649424,0.172289616236,0,1478217367472,0.161364156558,5,8,860,0.477653162432
0.047272449836,0.0719920653086,0,1478217367472,0.063218127718,6,8,862,0.200350957504
0.0754558632792,0.113542381933,0,1478217367472,0.095567254139,7,8,864,0.275654230564
0.10957503624,0.169085221637,0,1478217367472,0.155443656062,8,8,866,0.461615930419
0.0714427405203,0.103028915846,0,1478217367472,0.0995193408103,9,8,868,0.29742885481
0.0814221408408,0.100205996796,0,1478217367472,0.0866865033951,10,8,870,0.320149538415
0.131746395056,0.200762951095,0,1478217367472,0.190554665446,11,8,872,0.550499732967
0.0584267948425,0.081239032578,0,1478217367907,0.0708934157321,0,9,351,0.224170290684
0.0983291371023,0.153810940719,0,1478217367968,0.136552986954,1,9,353,0.398672465095
0.0823224231327,0.118883039597,0,1478217367968,0.117982757305,2,9,355,0.359670405127
0.0373388265812,0.0523079270619,0,1478217367968,0.0447394522011,3,9,357,0.147966735332
0.101808194095,0.156939040208,0,1478217367968,0.136720836194,4,9,359,0.415625238422
0.116639963378,0.173678187228,0,1478217367968,0.162600137331,5,9,361,0.481086442359
0.0474402990768,0.0722972457465,0,1478217367968,0.0636301213092,6,9,363,0.201464866102
0.0755016403449,0.113572899977,0,1478217367968,0.0958419165332,7,9,365,0.276325627527
0.109849698634,0.169558251316,0,1478217367968,0.155809872587,8,9,367,0.462653543908
0.0714427405203,0.103013656825,0,1478217367968,0.0995345998322,9,9,369,0.297444113832
0.081834134432,0.10225070573,0,1478217367968,0.0887312123293,10,9,371,0.323002975509
0.132066834516,0.201342793927,0,1478217367968,0.190981918059,11,9,373,0.551720454719
0.0583962767987,0.0812085145342,0,1478217368407,0.0709086747539,0,9,852,0.224139772641
0.0983291371023,0.154039826047,0,1478217368459,0.136675059129,1,9,854,0.397894254978
0.0825818265049,0.119188220035,0,1478217368459,0.118272678721,2,9,856,0.360875867857
0.0371557183185,0.0521553368429,0,1478217368459,0.0446631570916,3,9,858,0.147646295872
0.101808194095,0.156939040208,0,1478217368459,0.136720836194,4,9,860,0.415625238422
0.117021438926,0.174303807126,0,1478217368459,0.163042648966,5,9,861,0.482520790417
0.0474250400549,0.0724193179217,0,1478217368459,0.0636148622873,6,9,863,0.201419089036
0.0751201647974,0.113069352255,0,1478217368459,0.0955977721828,7,9,865,0.275150682841
0.110048065919,0.169848172732,0,1478217368459,0.156008239872,8,9,868,0.463340199893
0.0714122224765,0.102998397803,0,1478217368459,0.0995193408103,9,9,870,0.297398336767
0.0839703974975,0.104570077058,0,1478217368459,0.0904859998474,10,9,872,0.331288624399
0.132356755932,0.201785305562,0,1478217368459,0.191287098497,11,9,873,0.552712291142
0.058640421149,0.0815442130159,0,1478217368908,0.0711070420386,0,10,352,0.224872205692
0.0996414129854,0.155565728237,0,1478217368965,0.137834744793,1,10,354,0.402944991226
0.0827801937896,0.119493400473,0,1478217368965,0.118516823072,2,10,356,0.361837186236
0.0375982299535,0.0527504386969,0,1478217368965,0.0449835965515,3,10,358,0.149004348821
0.101899748226,0.157061112383,0,1478217368965,0.136781872282,4,10,360,0.415869382773
0.117586022736,0.175112535286,0,1478217368965,0.163561455711,5,10,362,0.484428168154
0.0476691844053,0.072816052491,0,1478217368965,0.0638590066377,6,10,364,0.202227817197
0.0752269779507,0.113298237583,0,1478217368965,0.095719844358,7,10,366,0.275471122301
0.110185397116,0.170107576104,0,1478217368965,0.156176089113,8,10,368,0.463950560769
0.0715190356298,0.103120469978,0,1478217368965,0.0996108949416,9,10,370,0.297703517205
0.0849164568551,0.105531395438,0,1478217368965,0.0912489509422,10,10,372,0.33556115053
0.132722972457,0.202319371328,0,1478217368965,0.191592278935,11,10,374,0.553948271916
0.0588693064775,0.0818188754101,0,1478217369404,0.0713054093233,0,10,853,0.225635156786
0.101136797131,0.157305256733,0,1478217369464,0.139131761654,1,10,855,0.409048599985
0.0831769283589,0.120042725261,0,1478217369464,0.118928816663,2,10,857,0.363256275273
0.037964446479,0.0532082093538,0,1478217369464,0.0452277409018,3,10,859,0.150102998398
0.102067597467,0.157305256733,0,1478217369464,0.136934462501,4,10,861,0.416418707561
0.117921721218,0.175600823987,0,1478217369464,0.163836118105,5,10,862,0.485587853819
0.0479896238651,0.0732127870603,0,1478217369464,0.0641641870756,6,10,864,0.203479056992
0.0756542305638,0.113893339437,0,1478217369464,0.0961013199054,7,10,866,0.27682917525
0.110368505379,0.170412756542,0,1478217369464,0.156374456397,8,10,869,0.464576180667
0.0715800717174,0.103212024109,0,1478217369464,0.0996719310292,9,10,871,0.297978179599
0.0859235523003,0.106752117189,0,1478217369464,0.0919661249714,10,10,873,0.338567177844
0.132951857786,0.202624551766,0,1478217369464,0.191805905241,11,10,874,0.554680704967
0.0590066376745,0.0819867246509,0,1478217369909,0.0714274814984,0,11,353,0.226077668421
0.101731898985,0.15800717174,0,1478217369961,0.13966582742,1,11,355,0.411352712291
0.0833295185779,0.120286869612,0,1478217369961,0.119081406882,2,11,357,0.363790341039
0.0380712596323,0.0533607995727,0,1478217369961,0.0453040360113,3,11,359,0.150453955901
0.102128633555,0.15744258793,0,1478217369961,0.13701075761,4,11,361,0.416754406043
0.118059052415,0.175814450294,0,1478217369961,0.163973449302,5,11,363,0.486091401541
0.0481116960403,0.0733653772793,0,1478217369961,0.0642862592508,6,11,365,0.203921568627
0.0760967421988,0.114457923247,0,1478217369961,0.0965285725185,7,11,367,0.278492408637
0.11046005951,0.170534828717,0,1478217369961,0.156481269551,8,11,369,0.464881361105
0.0716258487831,0.103288319219,0,1478217369961,0.0997329671168,9,11,371,0.298130769818
0.0863508049134,0.107362478065,0,1478217369961,0.0923476005188,10,11,373,0.339955748836
0.133043411917,0.202792401007,0,1478217369961,0.191943236439,11,11,375,0.554924849317
0.0590524147402,0.0820477607385,0,1478217370410,0.071488517586,0,11,854,0.22630655375
0.101991302358,0.158312352178,0,1478217370464,0.139894712749,1,11,856,0.41239032578
0.0834058136873,0.120378423743,0,1478217370464,0.119142442969,2,11,858,0.364034485389
0.0380865186542,0.0533760585946,0,1478217370464,0.0453040360113,3,11,860,0.150499732967
0.102189669642,0.157549401083,0,1478217370464,0.13708705272,4,11,862,0.416952773327
0.118135347524,0.175951781491,0,1478217370464,0.164080262455,5,11,864,0.486503395132
0.048157473106,0.0734264133669,0,1478217370464,0.0643320363165,6,11,866,0.204150453956
0.0762645914397,0.114702067597,0,1478217370464,0.0966659037156,7,11,868,0.279041733425
0.110490577554,0.170580605783,0,1478217370464,0.156511787594,8,11,870,0.465018692302
0.0716563668269,0.103334096284,0,1478217370464,0.0997482261387,9,11,872,0.298252841993
0.0866712443732,0.107728694591,0,1478217370464,0.0925917448692,10,11,874,0.341008621347
0.133043411917,0.202792401007,0,1478217370464,0.191943236439,11,11,876,0.554924849317
0.0591134508278,0.082124055848,0,1478217370910,0.0715495536736,0,12,355,0.226459143969
0.102204928664,0.158602273594,0,1478217370971,0.140123598077,1,12,357,0.413183794919
0.0835278858625,0.120500495918,0,1478217370971,0.119264515145,2,12,358,0.364461738003
0.0381322957198,0.0534065766384,0,1478217370971,0.0453192950332,3,12,360,0.150621805142
0.102281223774,0.157656214237,0,1478217370972,0.137148088808,4,12,362,0.417273212787
0.118211642634,0.176058594644,0,1478217370972,0.164171816587,5,12,364,0.486686503395
0.0482032501717,0.0735027084764,0,1478217370972,0.0643778133822,6,12,366,0.204364080262
0.0764019226368,0.114900434882,0,1478217370972,0.0967879758907,7,12,368,0.279468986038
0.110566872663,0.170672159915,0,1478217370972,0.156588082704,8,12,370,0.46532387274
0.0716868848707,0.10337987335,0,1478217370972,0.0997940032044,9,12,372,0.29839017319
0.0869916838331,0.108171206226,0,1478217370972,0.0928969253071,10,12,374,0.342275120165
0.133119707027,0.202914473182,0,1478217370972,0.192004272526,11,12,376,0.555260547799
0.0591287098497,0.0821545738918,0,1478217371411,0.0715648126955,0,12,855,0.226520180056
0.102327000839,0.158724345769,0,1478217371461,0.140230411231,1,12,857,0.413580529488
0.0836194399939,0.120653086137,0,1478217371461,0.11931029221,2,12,859,0.364751659419
0.0381933318074,0.0534828717479,0,1478217371461,0.0453803311208,3,12,861,0.150804913405
0.102281223774,0.157671473259,0,1478217371461,0.137148088808,4,12,863,0.417273212787
0.118242160678,0.176089112688,0,1478217371461,0.16420233463,5,12,865,0.486823834592
0.0482337682155,0.0735332265202,0,1478217371461,0.0643930724041,6,12,867,0.204455634394
0.0764324406806,0.11496147097,0,1478217371461,0.0968184939345,7,12,869,0.279606317235
0.110566872663,0.170687418936,0,1478217371461,0.156603341726,8,12,871,0.465308613718
0.0717021438926,0.10337987335,0,1478217371461,0.0997787441825,9,12,873,0.29839017319
0.0870679789425,0.108293278401,0,1478217371461,0.0930037384604,10,12,875,0.342626077668
0.133165484092,0.202990768292,0,1478217371461,0.192080567636,11,12,877,0.55542839704
